Colliders 6
-11 20 11 21
-11 -21 11 -20
-11 -20 -10 20
10 -20 11 20
-3 -20 3 -4
-3 4 3 20
Mountpoints 42
-6.5 0 -20 0 0 1
-3 0 -17 -1 0 0 
-3 0 -13 -1 0 0
-3 0 -9 -1 0 0
-3 0 -5 -1 0 0
-1.5 0 -4 0 0 1
1.5 0 -4 0 0 1
3 0 -5 1 0 0
3 0 -9 1 0 0
3 0 -13 1 0 0
3 0 -17 1 0 0
6.5 0 -20 0 0 1
10 0 -17 -1 0 0
10 0 -13 -1 0 0
10 0 -9 -1 0 0
10 0 -5 -1 0 0
10 0 0 -1 0 0
10 0 5 -1 0 0
10 0 9 -1 0 0
10 0 13 -1 0 0
10 0 17 -1 0 0
6.5 0 20 0 0 -1
3 0 17 1 0 0
3 0 13 1 0 0
3 0 9 1 0 0
3 0 5 1 0 0
1.5 0 4 0 0 -1
-1.5 0 4 0 0 -1
-3 0 5 -1 0 0 
-3 0 9 -1 0 0
-3 0 13 -1 0 0
-3 0 17 -1 0 0
-6.5 0 20 0 0 -1
-10 0 17 1 0 0
-10 0 13 1 0 0
-10 0 9 1 0 0
-10 0 5 1 0 0
-10 0 0 1 0 0
-10 0 -5 1 0 0
-10 0 -9 1 0 0
-10 0 -13 1 0 0
-10 0 -17 1 0 0
