Colliders 12
-20 -13 20 -20
-20 13 20 20
-20 -20 -13 20
13 -20 20 20
-20 -20 -10 -5
-20 -20 -5 -10
5 -20 20 -10
10 -20 20 -5
-20 5 -10 20
-20 10 -5 20
5 10 20 20
10 5 20 20
Mountpoints 20
0 0 -13 0 0 1
5 0 -11.5 -1 0 0
7.5 0 -10 0 0 1
10 0 -7.5 -1 0 0
11.5 0 -5 0 0 1
13 0 0 -1 0 0
11.5 0 5 0 0 -1
10 0 7.5 -1 0 0
7.5 0 10 0 0 -1
5 0 11.5 -1 0 0 
0 0 13 0 0 -1
-5 0 11.5 1 0 0
-7.5 0 10 0 0 -1
-10 0 7.5 1 0 0
-11.5 0 5 0 0 -1
-13 0 0 1 0 0
-11.5 0 -5 0 0 1
-10 0 -7.5 1 0 0
-7.5 0 -10 0 0 1
-5 0 -11.5 1 0 0
