Colliders 8
-21 -21 21 -20
-21 20 21 21
-21 -21 -20 21
20 -21 21 21
-15 -15 -5 -5
-15 5 -5 15
5 -15 15 -5
5 5 15 15
Mountpoints 32
12.5 0 -5 0 0 1
12.5 0 5 0 0 -1
10.5 0 5 0 0 -1
8.5 0 5 0 0 -1
6.5 0 5 0 0 -1
5 0 6.5 -1 0 0
5 0 8.5 -1 0 0
5 0 10.5 -1 0 0
5 0 12.5 -1 0 0
-5 0 12.5 1 0 0
-5 0 10.5 1 0 0
-5 0 8.5 1 0 0
-5 0 6.5 1 0 0
-6.5 0 5 0 0 -1
-8.5 0 5 0 0 -1
-10.5 0 5 0 0 -1
-12.5 0 5 0 0 -1
-12.5 0 -5 0 0 1
-10.5 0 -5 0 0 1
-8.5 0 -5 0 0 1
-6.5 0 -5 0 0 1
-5 0 -6.5 1 0 0
-5 0 -8.5 1 0 0
-5 0 -10.5 1 0 0
-5 0 -12.5 1 0 0
5 0 -12.5 -1 0 0
5 0 -10.5 -1 0 0
5 0 -8.5 -1 0 0
5 0 -6.5 -1 0 0
6.5 0 -5 0 0 1
8.5 0 -5 0 0 1
10.5 0 -5 0 0 1

