Colliders 8
-21 -21 21 -20
-21 20 21 21
-21 -21 -20 21
20 -21 21 21
-20 -20 -18 -18
-20 18 -18 20
18 -20 20 -18
18 18 20 20 
Mountpoints 68
20 0 16 -1 0 0
16 0 20 0 0 -1
14 0 20 0 0 -1
12 0 20 0 0 -1
10 0 20 0 0 -1
8 0 20 0 0 -1
6 0 20 0 0 -1
4 0 20 0 0 -1
2 0 20 0 0 -1
0 0 20 0 0 -1
-2 0 20 0 0 -1
-4 0 20 0 0 -1
-6 0 20 0 0 -1
-8 0 20 0 0 -1
-10 0 20 0 0 -1
-12 0 20 0 0 -1
-14 0 20 0 0 -1
-16 0 20 0 0 -1
-20 0 16 1 0 0
-20 0 14 1 0 0
-20 0 12 1 0 0
-20 0 10 1 0 0
-20 0 8 1 0 0
-20 0 6 1 0 0
-20 0 4 1 0 0
-20 0 2 1 0 0
-20 0 0 1 0 0
-20 0 -2 1 0 0
-20 0 -4 1 0 0
-20 0 -6 1 0 0
-20 0 -8 1 0 0
-20 0 -10 1 0 0
-20 0 -12 1 0 0
-20 0 -14 1 0 0
-20 0 -16 1 0 0
-16 0 -20 0 0 1
-14 0 -20 0 0 1
-12 0 -20 0 0 1
-10 0 -20 0 0 1
-8 0 -20 0 0 1
-6 0 -20 0 0 1
-4 0 -20 0 0 1
-2 0 -20 0 0 1
0 0 -20 0 0 1
2 0 -20 0 0 1
4 0 -20 0 0 1
6 0 -20 0 0 1
8 0 -20 0 0 1
10 0 -20 0 0 1
12 0 -20 0 0 1
14 0 -20 0 0 1
16 0 -20 0 0 1
20 0 -16 -1 0 0
20 0 -14 -1 0 0
20 0 -12 -1 0 0
20 0 -10 -1 0 0
20 0 -8 -1 0 0
20 0 -6 -1 0 0
20 0 -4 -1 0 0
20 0 -2 -1 0 0
20 0 0 -1 0 0
20 0 2 -1 0 0
20 0 4 -1 0 0
20 0 6 -1 0 0
20 0 8 -1 0 0
20 0 10 -1 0 0
20 0 12 -1 0 0
20 0 14 -1 0 0
