Colliders 8
-21 -6 21 -5
-21 5 21 6
-21 -21 -20 21
20 -21 21 21
-15 -15 -5 -5
-15 5 -5 15
5 -15 15 -5
5 5 15 15
Mountpoints 43
20 0 3 -1 0 0
18 0 5 0 0 -1
16 0 5 0 0 -1
14 0 5 0 0 -1
12 0 5 0 0 -1
10 0 5 0 0 -1
8 0 5 0 0 -1
6 0 5 0 0 -1
4 0 5 0 0 -1
2 0 5 0 0 -1
0 0 5 0 0 -1
-2 0 5 0 0 -1
-4 0 5 0 0 -1
-6 0 5 0 0 -1
-8 0 5 0 0 -1
-10 0 5 0 0 -1
-12 0 5 0 0 -1
-14 0 5 0 0 -1
-16 0 5 0 0 -1
-18 0 5 0 0 -1
-18 0 -5 0 0 1
-20 0 -3 1 0 0
-20 0 -1 1 0 0
-20 0 1 1 0 0
-20 0 3 1 0 0
-16 0 -5 0 0 1
-14 0 -5 0 0 1
-12 0 -5 0 0 1
-10 0 -5 0 0 1
-8 0 -5 0 0 1
-6 0 -5 0 0 1
-4 0 -5 0 0 1
-2 0 5 0 0 1
0 0 -5 0 0 1
2 0 -5 0 0 1
4 0 -5 0 0 1
6 0 -5 0 0 1
8 0 -5 0 0 1
10 0 -5 0 0 1
12 0 -5 0 0 1
14 0 -5 0 0 1
16 0 -5 0 0 1
18 0 -5 0 0 1

