Colliders 2
CIRCLE 0 0 20 IN
CIRCLE 0 0 12 OUT
Mountpoints 20
0 0 20 0 0 -1 
3.7391 0 11.5078 0.309017 0 0.951057 
11.7557 0 16.1803 -0.587785 0 -0.809017 
9.7891 0 7.11221 0.809017 0 0.587786 
19.0211 0 6.18036 -0.951056 0 -0.309018 
12.1 0 1.38954e-05 1 0 1.14838e-06 
19.0211 0 -6.18031 -0.951057 0 0.309016 
9.78912 0 -7.11219 0.809018 0 -0.587784 
11.7557 0 -16.1803 -0.587787 0 0.809016 
3.73913 0 -11.5078 0.309019 0 -0.951056 
4.59353e-05 0 -20 -2.29676e-06 0 1 
-3.73908 0 -11.5078 -0.309014 0 -0.951057 
-11.7557 0 -16.1804 0.587783 0 0.809019 
-9.78908 0 -7.11223 -0.809015 0 -0.587788 
-19.0211 0 -6.18041 0.951055 0 0.30902 
-12.1 0 -4.02438e-05 -1 0 -3.32594e-06 
-19.0212 0 6.18027 0.951058 0 -0.309013 
-9.78913 0 7.11216 -0.809019 0 0.587782 
-11.7558 0 16.1803 0.587789 0 -0.809014 
-3.73916 0 11.5078 -0.309021 0 0.951055 
